49
27
22
5
6
10
-13
-37
17
6
-2
-23
-18
-3
39
-14
-24
22
48
-22
-22
7
9
36
-10
40
-36
25
-50
11
46
37
-25
44
4
4
-22
47
8
-42
45
-11
-22
-8
-48
-50
26
38
-48
-85
88
18
-99
63
93
39
-64
69
-96
-64
91
69
26
-26
-5
-95
15
85
-13
18
49
37
-91
42
-28
51
69
92
70
84
77
-57
-30
-85
57
-11
-70
36
-97
-72
-89
48
13
-30
30
-10
91
29
90
79
-863
67
-83
-70
46
3
94
-36
58
-595
-29
-51
-43
-77
6
-16
-996
98
5
41
62
53
196
-74
25
-51
-26
-70
71
346
30
-655
718
837
40
83
77
461
-35
-26
-99
99
-68
68
113
-61
-52
-460
9
-49
-982
-3
-15
-30
99
-51
1
81
74
-8
-92
97
29
188
70
85
-843
-39
-1
-33
95
78
18
-21
-950
43
110
52
-52
-984
-49
-94
-76
-19
-78
-65
-437
-31
-90
-56
-4
85
-931
50
541
-67
-95
92
-80
-62
75
19
203
-547
-20
-80
-16
16
-19
-85
-73
99
-45
-77
16
44
40
-7
84
323
186
61
-447
-16
446
-30
39
-99
-40
-58
21
-52
96
-7
73
62
-23
88
-33
27
-243
37
-64
-24
-266
-34
76
43
-76
657
-944
-56
-68
68
96
14
58
-33
26
28
77
-51
85
58
804
-630
-49
17
166
-66
-41
-99
-60
57
43
-16
543
73
6
41
-95
-52
11
91
-11
-91
-31
78
-81
34
-21
-872
38
-15
-30
92
-68
-98
10
-673
-3
-60
-47
-453
477
50
-756
-71
-82
-589
71
499
15
-14
-9
-105
14
55
56
89
-4
465
-7
22
-553
-23
-52
-82
35
-71
42
-64
-81
59
-61
-25
72
-73
-99
-86
86
-82
-18
-9
9
-579
284
-66
-23
75
-22
162
36
42
91
57
-44
87
-4
4
67
-21
72
296
105
81
-49
88
-43
4
-77
77
23
-63
-60
-36
-69
-317
-16
11
-73
-40
-634
56
-51
87
82
-375
-11
-14
10
-31
55
-52
86
80
3
-51
798
70
32
87
1
565
60
87
-328
30
-91
-33
22
14
67
-60
42
74
96
-87
54
-60
-197
45
67
-55
25
-563
-63
1
-42
-83
-75
-41
496
-43
42
-48
848
-36
317
65
-54
-46
4
96
17
-17
878
-78
-32
-98
377
-53
-38
-10
997
22
-42
-98
-25
39
-87
-99
47
-69
341
28
17
64
11
54
-16
70
-843
-217
5
-59
-86
93
638
-802
76
95
-811
-89
361
39
-22
-78
-1
-528
829
-64
-68
94
-97
-41
-46
73
4
-8
-68
31
390
-33
53
-83
63
372
-467
-81
97
16
363
44
-44
9
-2
93
19
981
-685
-85
32
70
661
90
87
30
45
-50
-95
-60
-37
311
84
902
-56
824
-95
759
60
-56
27
37
-65
-135
484
654
34
-83
-89
-54
335
-81
30
-830
39
-45
-94
-42
22
-80
-89
-56
-292
-27
-84
988
-480
40
33
901
266
5
-50
-86
-698
29
-37
-63
603
1
523
89
-73
-54
547
26
-62
-19
-3
22
67
889
19
989
12
24
-92
92
28
79
49
-56
-87
-66
535
58
-367
-73
-66
566
17
-41
-76
645
-54
77
50
82
-74
-2
-24
39
65
-4
35
65
-73
-27
-52
22
51
79
948
1
51
-71
37
-66
41
59
-73
69
4
-974
-626
42
58
-6
78
-149
77
90
8
2
-59
8
51
-16
17
-77
-24
-598
398
40
253
7
88
-88
-751
-49
50
-150
20
-6
586
-10
50
3
57
875
-46
20
51
25
-60
9
-120
-54
94
-94
3
97
-431
-69
-637
64
-27
31
-15
-144
-28
-44
50
-87
-58
-5
-87
-95
41
-959
-20
662
-42
-11
711
78
31
-9
-39
39
-925
-675
-78
78
-95
82
-887
87
318
38
68
-82
-8
-98
-28
5
-16
-98
-86
33
-92
-441
19
-19
-81
-219
214
-869
55
-10
210
-17
17
279
43
68
-90
-762
36
74
51
1
538
62
-99
-682
81
594
372
-63
97
314
-85
3
-32
-521
98
-477
68
832
6
-42
-54
-10
-69
169
-86
-14
-52
-994
-9
-45
-57
-40
551
-22
22
795
83
-32
-39
-999
-81
78
57
-16
-90
1
-78
-83
10
-60
-612
812
49
51
20
80
-498
-2
-26
-74
-429
25
-96
-33
383
-250
6
73
31
-10
-54
-46
51
-91
-34
74
-12
12
125
48
-73
-71
-68
-15
754
-47
79
-32
87
90
323
82
9
94
-92
-76
83
-121
112
-391
719
-519
-40
70
-51
-58
816
934
92
-69
-878
97
87
43
-17
-446
75
29
-84
-56
-34
90
413
87
-90
90
36
64
68
-4
-69
50
25
68
481
-60
33
73
86
94
761
94
-89
-167
56
13
-34
38
-17
-99
54
-63
28
-620
226
-607
-319
29
74
70
63
-36
-68
81
-13
-492
49
-63
6
-2
-198
-424
-50
81
-7
-76
-24
796
-296
-94
34
89
-45
16
180
-965
3
5
-23
-30
-70
-11
-689
21
-164
37
85
69
-39
-687
-322
91
109
-21
21
-480
662
-98
-99
49
83
427
-44
260
-38
-22
-66
77
-57
-520
-834
-70
-32
47
281
-26
99
32
-31
-36
63
83
90
542
-42
48
-2
87
16
51
89
-89
3
-3
-66
71
-5
-86
-242
-65
439
-768
-78
-58
13
-555
209
-9
-935
254
22
-1
14
66
-820
-54
64
33
-98
755
44
-936
42
37
-87
-46
-2
37
-28
39
-9
-91
97
3
95
-438
17
32
94
849
-43
94
-84
484
-535
984
-25
76
28
72
998
980
22
39
-39
216
84
67
75
-56
64
-68
619
299
-68
-32
909
436
-45
-98
598
-7
-171
-56
-18
58
-662
-27
-17
-32
86
19
-50
-23
45
-45
-268
-53
38
63
70
85
-235
777
96
-929
-96
-75
27
-969
69
9
-37
-78
26
80
807
-54
92
-45
41
-37
24
-808
-20
84
-15
47
54
67
-66
36
-59
-48
-43
-57
-76
76
-393
78
-11
-74
-35
-6
-59
74
48
29
79
-3
-27
38
92
-21
-21
909
69
18
216
-214
-86
48
-89
-9
650
-21
-3
25
23
-4
144
43
84
64
829
-66
-86
-308
-49
-73
-2
22
34
416
-72
90
247
-80
43
58
6
-49
-82
82
660
-952
66
12
90
9
64
-36
27
-47
99
-88
-37
2
97
-44
-58
-70
986
5
25
-25
-25
74
51
57
-53
57
349
290
-5
-18
523
38
97
71
-94
88
-24
-40
464
38
-38
-913
-87
-52
52
596
-96
94
57
6
-42
918
67
-738
-41
-21
83
-73
18
11
28
-36
43
476
-9
521
58
-64
-556
-71
-29
61
-61
-23
-11
-80
52
58
81
-77
-64
-61
-4
82
67
27
53
45
-39
99
-70
65
24
-206
99
83
22
-22
58
642
-252
-48
-87
552
-65
-44
-56
45
-32
-442
-93
-26
48
-23
61
-27
-25
-59
-98
-370
-759
-91
91
64
36
-31
31
-567
29
-62
-68
-32
28
-628
94
6
992
84
59
-35
-29
-61
-53
-57
59
-43
-16
-73
72
75
-774
67
-67
52
-52
56
-44
-40
7
46
44
55
76
43
369
98
-64
-59
99
21
8
-2
2
-15
-28
-72
6
-79
931
-13
-50
61
-56
53
-53
93
-52
359
71
28
-99
-77
77
5
-305
-486
-14
-32
-26
-42
-47
-26
73
34
91
64
-582
928
-11
30
-14
60
61
-14
63
1
128
14
73
17
11
-690
10
-78
-90
-397
51
3
-47
-16
81
19
-87
69
23
95
2
-18
-78
-706
257
-57
-80
465
-654
-31
-94
86
-92
81
-290
-91
466
-99
33
85
-85
-81
71
-53
-37
9
-9
2
98
86
14
-33
15
-82
6
-106
-317
-70
-54
-20
82
56
123
681
52
562
67
-80
77
65
96
-46
-59
196
-94
-17
24
-24
6
51
-36
-2
81
611
-11
65
-11
97
-5
-65
58
-39
-98
398
69
94
550
-298
-15
-530
30
-38
87
51
-778
-71
-836
85
80
75
-41
4
40
42
401
37
-97
74
85
59
38
-12
15
-4
1
3
69
1
30
-34
-66
-862
10
-48
364
70
-59
-64
13
76
6
-6
971
15
62
-48
98
-98
20
34
-69
-18
33
-74
-26
70
79
151
67
-85
-52
-21
966
-75
-13
628
-15
-27
-78
428
-9
-755
-87
-472
-43
23
-69
41
48
46
91
-837
75
57
68
46
612
-51
493
-459
43
-940
-49
-95
-833
-222
55
-435
31
-85
37
-48
-41
19
22
-24
28
-26
-116
-9
-59
-13
-73
92
73
96
-659
90
99
-70
-72
-57
-58
-36
-6
66
51
-617
640
48
12
-34
-13
47
-29
29
37
63
24
36
40
77
876
47
-692
630
-33
944
-849
64
-55
-17
-41
-51
458
43
-20
-47
566
24
31
-55
-68
-40
-677
-68
82
571
650
49
-588
36
-60
-87
77
-65
-12
882
-16
-66
-581
-19
-93
93
-12
22
-10
-92
95
97
556
7
-763
-39
483
-4
-40
-95
-30
25
44
56
-560
-88
-52
45
-209
-988
-43
-705
68
-614
-438
-56
86
26
50
-63
-59
3
97
16
84
-27
-934
-762
-43
-977
-57
83
43
-66
82
95
63
227
37
29
91
-84
-20
613
7
-49
81
37
-91
22
-454
61
-60
-74
78
-36
-694
779
-378
11
-33
60
-48
14
66
48
39
-26
96
34
217
-418
-82
-74
-26
-779
-21
-88
-12
99
-60
-82
53
90
-51
-74
36
-11
-28
-80
8
-60
3
-683
25
15
-42
-58
5
-5
620
-99
79
85
-15
-51
81
-280
-26
-294
-57
12
-99
44
-43
-68
26
-1
7
-29
-58
-92
51
50
-30
987
-94
-6
69
31
27
-27
-737
-64
-47
60
51
-26
-45
-61
-731
387
944
25
-56
-63
54
18
91
-24
824
-82
-19
-99
36
-36
6
-1
-5
56
-16
15
45
-4
-96
60
6
-15
-219
81
22
80
-515
298
78
17
-273
-20
6
-36
-670
66
59
-45
20
98
-43
46
99
11
-11
73
-73
-79
-9
88
74
95
446
67
-26
160
722
-38
82
-82
85
-85
-43
-112
-45
-633
-67
-70
-38
8
-63
29
-86
-80
-99
-1
-69
69
-8
73
58
-77
54
-41
41
56
-56
9
91
-38
42
-46
42
-35
435
735
65
41
79
-20
61
-61
171
87
72
-330
23
77
55
45
42
58
72
-96
91
-467
98
2
903
1
-24
-1
231
90
13
-46
933
647
12
-791
-48
680
-51
38
513
65
35
-75
26
59
-27
24
-6
-33
156
76
241
44
-185
17
-99
-65
-753
208
-41
-90
16
-2
-59
809
77
-18
-91
21
-68
28
61
88
67
46
48
-43
75
34
-55
89
-38
-24
-38
-79
25
95
-52
-47
-42
-29
29
568
96
69
67
-282
-148
-85
38
-12
66
-64
-513
-756
-564
20
5
38
-38
-56
380
-94
-235
124
-24
62
-17
-20
-25
-92
-8
-6
6
-11
85
99
25
30
11
861
-811
-11
-683
-44
49
-78
248
30
79
281
-98
-821
792
67
-68
368
-71
32
17
22
-33
58
63
-6
-97
13
2
72
-72
83
-59
87
3
86
-806
616
-10
-32
-9
-59
4
-54
77
39
-66
-23
78
11
-82
458
31
91
-64
38
-271
-67
-95
-5
44
-41
-91
92
96
-10
-90
36
-50
14
-84
-73
-43
705
35
-39
83
4
12
68
86
-44
12
-12
-10
10
-770
-40
-82
-32
14
-51
53
-302
-62
888
-26
53
24
-15
38
-46
-86
-92
-756
-22
-398
-535
35
246
98
24
-768
-3
-40
-810
-422
-925
87
643
64
87
19
-42
98
-56
-50
62
7
39
-58
83
17
-30
84
-64
10
29
-42
-58
-45
16
-2
32
5
-35
66
51
283
75
725
-89
-68
57
-40
-81
-579
-89
33
63
777
-84
-30
-70
92
608
25
-225
-65
65
-709
72
60
177
-579
-595
14
-26
66
537
83
51
56
-7
-26
-16
-58
55
862
234
49
585
-38
53
-78
-42
-80
22
332
-30
76
82
-82
-31
2
99
30
4
27
-931
-52
-52
42
62
-903
3
95
-395
7
58
45
-92
79
68
-265
-36
70
-2
68
-4
27
-6
-717
-94
94
-89
89
-80
80
33
73
-27
-39
60
737
75
51
-366
-97
259
590
-45
41
44
-20
31
-26
11
-85
22
-77
18
-709
-37
70
-87
-27
-168
-5
-348
64
51
-79
20
-8
-18
-482
64
-36
72
-73
93
-90
-530
75
720
7
44
54
-43
443
80
-32
652
-31
-57
-97
-42
22
78
27
-27
-65
499
60
21
-88
928
73
-87
-14
292
-90
11
35
52
135
-99
43
-979
-80
80
72
28
16
80
-96
-31
547
-16
-99
-1
-28
28
62
-62
-41
25
16
3
-67
70
-79
-8
70
-689
864
5
-478
-927
36
-112
-54
-734
28
-28
-915
15
-51
-508
59
632
32
-25
-339
-79
53
53
273
28
-28
-88
691
312
-15
-740
-25
13
80
-528
-75
75
-60
30
30
3
97
76
24
-333
-67
10
-10
544
39
67
-50
-40
-760
-545
545
77
-177
-61
61
-256
-35
89
13
37
31
-99
-13
64
69
-75
75
-70
70
-36
-674
1
17
-8
-35
-60
-552
683
64
-41
-11
-684
77
6
-47
-61
24
-63
89
596
78
21
-738
390
64
33
966
-18
55
-36
69
-969
-68
68
-73
673
39
61
93
71
-64
-25
90
-80
86
-46
75
-61
61
-534
71
53
-90
59
-46
-12
-55
54
589
-101
-88
-10
-90
40
-40
39
61
-84
69
-85
28
51
-446
-33
46
54
255
45
429
99
72
98
85
28
89
96
-82
-41
-73
-61
761
-101
-104
92
57
35
-7
22
-78
-67
50
4
32
771
-87
81
67
-67
-94
44
86
64
527
-52
59
48
18
-32
-68
-50
944
-94
959
-25
-78
446
63
-65
-35
-65
-927
27
-46
-24
-199
18
-60
20
-82
-39
-348
-40
-54
96
458
-75
375
-34
-66
-49
697
23
21
8
-13
-6
19
-78
-23
83
-74
74
926
-30
-12
34
-56
56
28
91
81
36
30
-66
-47
-156
-53
-70
11
55
38
-11
33
-41
10
-967
-3
-79
79
604
97
55
45
97
-45
48
-92
-80
94
-40
-82
-73
873
334
66
-92
-797
15
41
733
-51
84
-33
84
16
-2
78
526
58
-63
3
-71
-879
-94
-356
27
60
294
-781
98
-22
-676
-97
8
-4
-526
-81
-20
20
64
766
70
-16
73
68
-25
65
30
42
140
-27
83
-33
66
-31
94
26
-22
67
-9
64
13
-73
-895
91
93
-859
-25
-64
464
-67
-33
66
61
-40
13
559
-69
48
72
-10
-91
-94
85
24
-330
-41
86
-39
307
93
963
-43
4
76
-534
34
37
-807
-44
-67
83
-60
37
31
-45
342
-7
-18
-71
-11
-25
-76
201
-548
57
-163
-96
-37
-13
50
-8
-87
-89
-66
568
933
-88
87
90
-297
-58
56
-63
-128
67
-33
-34
-74
26
48
11
-11
599
-99
-8
79
29
99
-9
-88
98
-67
-33
-720
-87
75
969
-411
-26
-832
58
-12
-59
-87
32
-22
-89
-36
-783
50
-74
-61
15
-17
39
-912
379
-29
65
76
31
-99
-98
-70
-45
2
78
935
-835
58
76
-41
-585
123
93
-65
97
-64
-95
-97
78
822
-188
688
46
54
-4
404
589
11
48
-92
-81
99
-67
893
67
-36
17
52
-7
-87
10
-89
7
66
973
-27
-546
45
89
-205
-29
-68
-518
-53
71
63
16
42
-43
30
41
-67
-14
-836
-490
26
11
-44
33
-874
37
-63
56
-56
61
-590
-17
98
-55
-607
10
67
-39
-28
86
-71
85
544
88
68
-67
-67
-801
35
-42
15
-4
31
-98
-71
-119
-78
66
355
-62
97
-96
-94
48
-48
61
71
-832
85
-1
16
37
9
8
247
7
-62
89
-735
83
17
28
81
610
-548
29
-209
85
-76
-87
-69
-193
-71
-14
-66
89
-29
340
80
702
18
65
42
-79
-84
-19
-63
93
-395
-38
-13
-9
-34
43
77
25
40
705
44
91
-38
-97
93
-449
-552
119
58
275
81
1
-82
89
643
8
-24
-16
46
93
-39
-92
-80
-627
-490
-85
-13
20
-265
632
69
63
-732
-38
6
-396
-30
166
47
-52
-3
-10
-90
49
-61
-49
35
26
80
-280
79
57
72
49
-18
83
12
-99
-16
71
938
-28
45
-745
-591
91
-75
66
9
89
-1
89
223
-49
-3
752
40
-304
64
34
-41
7
19
77
-97
-99
78
358
-52
583
33
143
-43
-68
-32
-92
-63
55
970
-31
14
-768
-84
375
-19
-695
-984
375
-53
673
-73
28
-28
779
930
-809
28
-72
1
-41
31
53
44
-440
314
82
-547
-46
-7
-31
52
812
-93
-24
96
-12
-11
65
39
19
-87
76
-82
-99
75
-95
-56
-64
-482
902
-83
75
8
-50
40
86
24
-92
-8
-77
-23
58
-158
63
49
-12
-57
-90
-60
61
-54
54
46
92
40
68
36
57
307
-99
42
761
7
18
71
163
44
87
-696
32
-883
31
-36
-16
-90
443
21
-551
51
-984
95
88
1
-83
-336
-81
75
88
-63
-14
-86
-905
5
37
396
-433
75
-28
-870
39
13
-281
97
-91
-52
98
36
-813
650
827
-88
560
-72
-40
40
19
27
54
-36
84
-48
-57
-43
484
16
712
84
-57
-39
24
676
-72
-71
43
72
-56
83
1
63
-823
4
56
30
-80
-45
-80
42
33
-82
95
-20
-52
246
-19
-47
688
-18
-34
-776
19
-390
86
66
38
-31
-869
21
8
-952
23
10
-78
43
73
72
89
-7
29
69
-20
53
5
35
627
609
91
85
-790
645
-90
27
57
-87
-58
93
5
13
411
-30
3
24
-108
-24
-76
-38
-933
-37
50
-49
7
98
-173
75
892
-67
-870
45
24
-324
-53
-10
-66
-87
-651
-67
18
-42
58
-55
-33
88
54
-771
17
49
36
-66
49
32
-155
40
-84
-76
-3
-510
88
5
207
-23
-89
-82
-69
51
15
-5
-10
98
-3
-99
-16
24
-4
20
-864
-1
-32
-23
962
-62
21
-70
77
75
11
8
-14
89
-97
74
593
6
-374
-97
-902
57
42
436
-35
85
87
-34
-40
-97
82
17
7
-2
-98
10
83
31
69
24
-103
61
18
85
-8
23
-18
18
-64
80
-243
845
82
844
-61
-68
-715
-2
-32
82
-12
-884
248
976
798
826
21
79
14
-14
-18
18
46
54
-94
94
-55
-49
79
4
721
-1
1
-850
35
3
23
89
-3
703
30
-530
-42
-20
-96
-42
-88
-12
92
92
-17
37
96
-11
-89
45
13
-674
18
17
-19
-51
-986
437
-95
-605
-58
58
588
81
53
78
-98
98
-69
47
422
-17
-76
-31
24
26
96
-48
-60
5
-19
-66
-607
81
-28
-80
-76
50
26
-15
15
-34
-66
-62
22
40
92
-44
-505
-43
659
-249
84
14
92
-246
-57
-32
14
15
29
-34
-27
79
21
83
43
75
-663
-29
72
-28
271
43
71
8
92
-76
52
-82
44
562
-28
-72
24
-24
-7
4
94
-104
-79
70
45
-94
4
-33
-33
-89
867
91
-39
1
-29
31
-499
-48
24
-41
73
96
-27
-12
395
-61
783
-83
-75
75
83
-83
995
67
-70
-92
-59
-19
41
35
99
53
-50
799
1
153
-62
727
-336
-82
381
27
28
65
72
927
16
-16
-20
-80
72
-155
-17
21
73
-23
14
-96
411
-114
43
-8
52
27
92
-88
-423
151
18
50
-95
-5
238
-44
6
-10
-10
20
-38
-79
46
-372
-57
31
-8
-65
62
78
818
-89
-91
-236
-58
-5
63
-31
31
-545
-829
44
63
77
795
-5
71
-671
-82
-17
90
9
-1
-199
-72
-28
-59
-41
-718
-94
30
-18
-291
91
-94
72
22
-25
25
38
-38
-891
-9
-95
32
555
24
47
37
10
84
14
92
-90
-10
11
89
-63
-76
-15
-12
772
50
-56
-5
88
-82
-201
73
27
77
-77
37
63
991
11
98
12
-430
-175
-45
-87
825
3
515
82
-77
-318
-5
-33
-10
-958
318
52
86
45
87
-64
77
-53
-90
-86
-45
-61
535
53
947
41
-33
-24
-784
74
-50
-48
41
83
-204
-788
-53
-89
-29
-98
-39
-29
53
-24
-46
-7
11
742
-2
-102
39
-89
54
999
-99
10
36
-99
8
45
87
-987
29
90
-85
91
75
50
-850
-88
-83
-74
-55
77
48
-873
229
-81
92
8
10
-44
-166
5
703
-8
-78
-222
95
-95
-14
-41
-45
536
-34
74
41
-815
-99
97
-12
12
3
-55
52
-45
445
-134
-66
-68
-78
-54
87
-7
76
-19
-13
87
-15
88
-983
-1
7
85
15
21
63
-191
-876
76
73
-73
26
24
-48
-68
-58
-76
-28
-59
-13
-734
-66
-780
67
13
-76
-924
37
-37
-2
-24
38
81
-64
-88
-90
-74
328
-35
30
13
32
55
-18
-89
22
-4
60
-60
52
-44
-19
-1
89
93
31
86
2
62
-43
50
-69
-31
13
18
-4
-196
73
-15
68
-26
-89
61
879
95
-13
667
-525
25
-38
70
65
4
-1
-32
53
979
40
-40
38
-520
-40
22
-10
10
10
-10
3
-3
-818
52
66
-90
-10
-91
91
-91
924
-33
-13
-887
753
78
-784
-47
89
-57
-98
-34
578
667
-9
-79
5
22
23
95
54
-47
91
-32
-162
-6
-7
7
-585
85
18
-55
-67
-96
618
396
10
-24
213
-38
97
25
3
-36
36
15
85
25
506
-31
-8
508
-78
-470
64
83
67
-28
44
-396
-32
46
-19
-74
-91
484
949
51
23
977
89
811
-144
-48
-68
860
64
792
-497
51
90
-57
-39
96
-25
25
87
-79
-961
60
-7
-13
13
-40
35
905
58
882
66
-22
546
35
-93
-72
-7
-90
-10
-97
87
-83
469
85
-73
-81
-664
37
-9
20
-6
9
-188
-3
-96
-91
91
384
77
399
40
-83
-68
-49
96
-196
-56
-44
37
63
-42
-32
74
-764
23
-1
-1
-4
58
-54
-78
-7
74
-690
-938
45
-263
83
85
32
-38
-95
-67
86
14
-57
-83
40
15
-69
-75
29
-705
-42
47
20
-90
70
94
3
-26
-71
-53
-369
-27
49
-97
97
24
-24
585
-85
-41
-49
8
-78
859
-908
80
29
691
-91
16
50
-53
95
-608
-911
11
-67
-22
-11
76
58
16
94
-72
28
64
28
8
64
36
244
5
-849
75
18
96
11
76
-76
99
-99
30
-65
88
-15
-10
41
-71
69
44
-54
-57
1
99
27
80
71
-324
-47
-31
-555
-21
25
913
62
-70
70
7
-39
-26
58
638
-984
-814
60
16
-61
-27
-28
8
-712
-875
-45
24
-753
-55
758
-703
-47
-1
-28
-74
21
-218
54
355
-75
184
-34
816
-75
-46
19
-85
596
-64
55
-388
-12
-29
29
-8
744
-36
58
35
74
28
84
-8
29
54
95
-72
-769
881
903
47
37
-86
84
26
-57
-843
-113
-87
-67
-89
-37
-7
-76
69
45
-272
-58
-62
-746
571
329
-38
538
10
-23
-187
53
-70
-383
76
36
388
375
119
7
-301
87
-87
-36
36
-36
-11
-4
-49
11
831
-45
-84
-713
-16
-23
-61
15
785
-27
-401
-71
-56
-145
27
-92
-67
494
82
80
-707
-17
54
46
-25
-201
-35
-67
25
-97
-16
-36
2
-565
-94
809
62
-87
42
-201
84
-89
-569
74
26
61
91
-94
-71
71
23
-646
92
32
-55
-92
24
22
55
-55
-41
-87
828
-40
-660
-580
-20
71
-642
71
-36
36
-98
-60
-45
-97
-94
-36
-70
18
-97
96
-17
60
-60
35
-12
82
-5
-25
36
89
-41
-483
-855
-32
-983
94
87
-87
14
-27
13
-91
-9
-249
-52
-73
-149
23
-84
807
-323
41
79
-77
67
90
42
-132
82
66
13
-76
8
-3
39
-24
-867
7
-70
82
9
33
-5
-4
1
71
-72
31
78
91
89
7
-64
47
-79
61
-43
22
-40
38
-80
-62
71
33
-88
88
-70
-47
17
19
-19
24
-5
-27
8
-25
-12
-91
20
18
34
14
15
99
-36
7
57
54
47
38
35
-21
-29
-12
12
-41
27
-6
24
-34
43
40
-37
42
7
-26
28
-18
45
42
8
13
-12
-5
23
39
-25
20
11
37
-46
-32
5
-21
14
15
46
-10
12
24
-5
-7
19
8
-20
7
-34
-15